corr = 0.8956252140631498
eval_loss = 0.4564249738654558
global_step = 540
loss = 0.08403082655535804
pearson = 0.8971708243626759
spearmanr = 0.8940796037636236
